    #         X           Y           Z       CHARGE      MIN DIST   ATOMIC VOL
 --------------------------------------------------------------------------------
    1    8.918194    3.591083    4.296273    7.231657     0.864517    14.115035
    2   14.723546    3.590206    4.151831    7.233928     0.867123    14.263786
    3   20.339176    3.589455    4.156744    7.233234     0.867857    14.296748
    4   26.041495    3.589505    4.300020    7.224858     0.867945    14.032489
    5    6.444927    7.521006    1.234355    7.274657     0.868465    38.760986
    6   11.806809    7.520942    1.409342    7.237154     0.866736    13.980088
    7   17.424255    7.519803    1.354485    7.233943     0.868485    14.256743
    8   23.076832    7.519677    1.391531    7.241396     0.866781    13.818941
    9   28.306165    7.518888    2.040555    7.292544     0.874386    31.757560
   10    8.902274    7.521011    4.691050    7.225574     0.865005    14.039814
   11   14.604871    7.520236    4.830427    7.235854     0.870053    14.324639
   12   20.217427    7.519602    4.836679    7.233586     0.867889    14.260405
   13   26.021416    7.519236    4.690862    7.230786     0.867484    14.125740
   14    6.634652    3.590941    1.364903    7.293593     0.874324    31.669099
   15   11.863390    3.590835    2.011481    7.241000     0.865351    13.811616
   16   17.516141    3.590073    2.048002    7.233013     0.867791    14.243784
   17   23.129222    3.589421    1.996443    7.236695     0.867260    13.966283
   18   28.491942    3.588854    2.169750    7.275114     0.864214    38.689428
   19   10.641611    1.454268    3.302184    7.238558     0.876673    14.160674
   20   16.229465    1.373780    3.257067    7.242496     0.856519    14.366053
   21   21.807768    1.376884    3.237029    7.237843     0.856313    14.343796
   22   28.087102    1.576810    4.183960    7.232449     0.843002    32.890944
   23   10.332949    1.814392    0.416959    7.242299     0.867527    14.075593
   24   15.917059    1.867080    0.461551    7.239772     0.849889    14.333654
   25   21.509420    1.850119    0.465806    7.239599     0.851271    14.417327
   26   26.870996    1.777083    0.784685    7.228140     0.797344    13.397197
   27    6.855203    5.509125    4.804750    7.238214     0.850667    32.862490
   28   13.132040    5.309913    0.166663    7.236314     0.855041    14.342106
   29   18.710971    5.302020    0.145843    7.241367     0.850808    14.367743
   30   24.297827    5.381467    0.103174    7.237769     0.862890    14.152504
   31    8.066681    5.711276    2.620116    7.230947     0.811195    13.405931
   32   13.429875    5.781228    2.936848    7.238467     0.854007    14.410284
   33   19.022762    5.795951    2.941100    7.240014     0.845775    14.331964
   34   24.606828    5.740109    2.985993    7.243810     0.873122    14.091652
   35    6.854315    1.673496    4.803825    7.238896     0.851908    32.870660
   36   13.131326    1.870699    0.165967    7.234614     0.853613    14.307454
   37   18.709943    1.875909    0.145236    7.240532     0.849783    14.346895
   38   24.296611    1.797340    0.102414    7.237449     0.865881    14.137573
   39    8.066631    1.469588    2.619304    7.231450     0.811650    13.410720
   40   13.429639    1.400403    2.936475    7.239850     0.854889    14.430568
   41   19.022593    1.383608    2.940720    7.241075     0.849568    14.346332
   42   24.605901    1.437978    2.986148    7.243774     0.866780    14.092778
   43   10.641837    5.728087    3.301390    7.237046     0.877562    14.135883
   44   16.229355    5.806378    3.256577    7.241470     0.852615    14.349149
   45   21.808112    5.802337    3.237086    7.235217     0.856801    14.302383
   46   28.088251    5.601085    4.185141    7.232930     0.844539    32.866434
   47   10.333288    5.366733    0.416500    7.244001     0.869594    14.104329
   48   15.918227    5.311371    0.460511    7.239691     0.848117    14.340134
   49   21.510626    5.327854    0.465740    7.239987     0.853390    14.433385
   50   26.871936    5.399960    0.785531    7.229511     0.800073    13.391281
   51    9.372759    3.591138    1.824056    6.140006     0.993257     8.130048
   52   14.595580    3.591146    1.679611    6.119273     1.000433     8.650678
   53   20.172674    3.591327    1.683875    6.118715     1.007234     8.657157
   54   25.520821    3.589790    1.673516    6.138384     0.979520     8.028063
   55    6.435692    7.521676    3.755363    6.132237     0.947669    14.697644
   56   11.955077    7.521522    4.479354    6.118674     1.010305     8.782526
   57   17.565845    7.521665    4.474340    6.119591     1.002868     8.626731
   58   23.146043    7.520722    4.467342    6.117946     1.005426     8.723927
   59   28.597475    7.519472    5.246942    6.134963     0.921988    16.409975
   60    9.417655    7.521179    1.731399    6.138740     0.983952     8.033416
   61   14.767444    7.521834    1.719690    6.118033     1.009273     8.654622
   62   20.344328    7.520844    1.723797    6.118933     1.003727     8.648987
   63   25.566312    7.520184    1.582334    6.139122     0.987791     8.117371
   64    6.344443    3.591869    3.743484    6.135255     0.931551    16.451388
   65   11.797656    3.591649    4.521270    6.117677     1.004059     8.724772
   66   17.377293    3.592167    4.512948    6.118859     1.001925     8.618843
   67   22.986560    3.591101    4.509028    6.119014     1.013000     8.785343
   68   28.507169    3.589005    5.234662    6.132284     0.945302    14.701870
   69    8.992515    1.621559    4.482749    8.386266     0.979946    10.719392
   70   14.674003    1.626724    4.491398    8.172183     0.960467     9.804909
   71   20.268845    1.626301    4.494847    8.169851     0.961039     9.786879
   72   25.949112    1.631191    4.505528    8.388436     0.981172    10.722772
   73    6.893217    1.610562    1.119813    9.079906     0.916040    86.152085
   74   11.869640    1.628266    1.699300    8.196336     0.969989     9.823503
   75   17.469897    1.627592    1.701412    8.171911     0.960109     9.794204
   76   23.068860    1.624866    1.703802    8.195044     0.964731     9.820967
   77   28.045074    1.640786    2.283735    9.088053     0.938410    86.198006
   78    8.992504    5.562290    4.483304    8.388192     0.979578    10.728125
   79   14.673922    5.556570    4.492674    8.173067     0.962101     9.796457
   80   20.269113    5.556391    4.496201    8.173152     0.962375     9.802937
   81   25.949867    5.549915    4.506731    8.386409     0.977854    10.722209
   82    6.893278    5.572641    1.120538    9.077954     0.917112    86.267592
   83   11.869663    5.555353    1.699866    8.195717     0.970056     9.828292
   84   17.470094    5.557359    1.701263    8.171477     0.958063     9.788569
   85   23.069721    5.557298    1.704156    8.196283     0.958396     9.819277
   86   28.045653    5.539364    2.284752    9.087920     0.915197    86.242237
 --------------------------------------------------------------------------------
    VACUUM CHARGE:               0.0000
    VACUUM VOLUME:               0.0000
    NUMBER OF ELECTRONS:       624.0000
