0.00000000 4.44479900
0.06676541 4.43550100
0.13353082 4.44249890
0.20029623 4.43093210
0.26706164 4.43620280
0.33382705 4.42285180
0.40059246 4.42654770
0.46735788 4.41160840
0.53412329 4.41344740
0.60088870 4.39664250
0.66765411 4.39656790
0.73441952 4.37802610
0.80118493 4.37698200
0.86795034 4.35724080
0.93471575 4.35511020
1.00148120 4.33398410
1.06824660 4.33029430
1.13501200 4.30726880
1.20177740 4.30245380
1.26854280 4.27795030
1.33530820 4.27161060
1.40207360 4.24799370
1.46883900 4.23952950
1.53560440 4.20994040
1.60236990 4.20431020
1.66913530 4.17609700
1.73590070 4.16414870
1.80266610 4.13977600
1.86943150 4.12628750
1.93619690 4.09035760
2.00296230 4.08610710
2.06972770 4.04590060
2.13649310 4.03772270
2.20325860 4.01687840
2.27002400 3.98172650
2.33678940 3.97068600
2.40355480 3.94316470
2.47032020 3.87714190
2.53708560 3.90195130
2.60385100 3.81455280
2.67061640 3.85027070
2.73738180 3.78245610
2.80414720 3.78264040
2.87091270 3.71386560
2.93767810 3.70937720
3.00444350 3.63045410
3.07120890 3.66063980
3.13797430 3.55777350
3.20473970 3.57301080
3.27150510 3.51838430
3.33827050 3.51850140
3.40503590 3.46445380
3.47180140 3.42578750
3.53856680 3.40485330
3.60533220 3.36331000
3.67209760 3.32407460
3.73886300 3.28867920
3.80562840 3.26750310
3.87239380 3.21147410
3.93915920 3.20923190
4.00592460 3.14676800
4.07269010 3.12971080
4.13945550 3.07775540
4.20622090 3.03607840
4.27298630 2.99247440
4.33975170 2.94439090
4.40651710 2.90861900
4.47328250 2.84232680
4.54004790 2.80888720
4.60681330 2.72477360
4.67357870 2.67732090
4.74034420 2.59979480
4.80710960 2.52333340
4.87387500 2.46222400
4.94064040 2.35723010
5.00740580 2.29454450
5.07417120 2.16562000
5.14093660 2.08850390
5.20770200 1.93619230
5.27446740 1.84255390
5.34123290 1.66773150
5.40799830 1.55090810
5.47476370 1.35450100
5.54152910 1.20486720
5.60829450 0.98987522
5.67505990 0.80112363
5.74182530 0.56534683
5.80859070 0.33108187
5.87535610 0.06105656
5.94212160 -0.22217889
6.00888700 -0.54180683
6.07565240 -0.87832696
6.14241780 -1.26446790
6.20918320 -1.66656250
6.27594860 -2.14060430
6.34271400 -2.63929320
6.40947940 -3.23184930
6.47624480 -3.86324910
6.54301030 -4.62665530
6.60977570 -5.47419820
6.67654110 -6.46600440
6.74330650 -7.54195410
6.81007190 -8.73142180
6.87683730 -9.94692150
6.94360270 -11.18793800
7.01036810 -12.37129100
7.07713350 -13.51059800
7.14389890 -14.55070800
7.21066440 -15.51566200
7.27742980 -16.35963000
7.34419520 -17.09349700
7.41096060 -17.65297100
7.47772600 -18.09191700
7.54449140 -18.41385600
7.61125680 -18.64967400
7.67802220 -18.76289200
7.74478760 -18.76665100
7.81155310 -18.63264400
7.87831850 -18.38391400
7.94508390 -17.99058300
8.01184930 -17.46899800
8.07861470 -16.80988900
8.14538010 -16.04063800
8.21214550 -15.17392500
8.27891090 -14.23575000
8.34567630 -13.22831900
8.41244170 -12.24695400
8.47920720 -11.33797500
8.54597260 -10.55458700
8.61273800 -9.90639830
8.67950340 -9.42797060
8.74626880 -9.14139390
8.81303420 -9.00903450
8.87979960 -8.91074980
8.94656500 -8.84845770
9.01333040 -8.80660850
9.08009590 -8.80591470
9.14686130 -8.83705120
9.21362670 -8.84257390
9.28039210 -8.78971810
9.34715750 -8.82915440
9.41392290 -8.94825460
9.48068830 -9.19091560
9.54745370 -9.60912210
9.61421910 -10.23854400
9.68098460 -11.05305600
9.74775000 -12.01264900
9.81451540 -13.00709900
9.88128080 -13.96357400
9.94804620 -14.84486000
10.01481200 -15.63087600
10.08157700 -16.29394200
10.14834200 -16.82252700
10.21510800 -17.18855400
10.28187300 -17.37833000
10.34863900 -17.37537300
10.41540400 -17.18749100
10.48216900 -16.82344600
10.54893500 -16.30866800
10.61570000 -15.72993000
10.68246600 -15.22264500
10.74923100 -14.83699800
10.81599700 -14.54913200
10.88276200 -14.26950300
10.94952700 -13.94002500
11.01629300 -13.54698500
11.08305800 -13.08349700
11.14982400 -12.57547100
11.21658900 -12.11084600
11.28335400 -11.75022800
11.35012000 -11.49041400
11.41688500 -11.30352400
11.48365100 -11.10659600
11.55041600 -10.91679200
11.61718100 -10.67892600
11.68394700 -10.26265000
11.75071200 -9.83428860
11.81747800 -9.44543280
11.88424300 -9.15421870
11.95100900 -8.97401100
12.01777400 -8.82981450
12.08453900 -8.73220810
12.15130500 -8.70656270
12.21807000 -8.69865550
12.28483600 -8.76542380
12.35160100 -8.98915500
12.41836600 -9.49015600
12.48513200 -10.28111800
12.55189700 -11.31267600
12.61866300 -12.42477000
12.68542800 -13.50998200
12.75219300 -14.51916500
12.81895900 -15.43044600
12.88572400 -16.20216500
12.95249000 -16.82418200
13.01925500 -17.27169100
13.08602100 -17.54447000
13.15278600 -17.62074500
13.21955100 -17.50359100
13.28631700 -17.16923200
13.35308200 -16.63354600
13.41984800 -15.92583400
13.48661300 -15.14047400
13.55337800 -14.40056700
13.62014400 -13.79962500
13.68690900 -13.34009900
13.75367500 -12.96954500
13.82044000 -12.60841300
13.88720500 -12.23515200
13.95397100 -11.83813800
14.02073600 -11.47997000
14.08750200 -11.22237600
14.15426700 -11.08210300
14.22103200 -11.03760700
14.28779800 -11.01974700
14.35456300 -11.02459000
14.42132900 -10.95905700
14.48809400 -10.67733100
14.55486000 -10.32146400
14.62162500 -9.94628570
14.68839000 -9.60222990
14.75515600 -9.27216540
14.82192100 -9.03805080
14.88868700 -8.95457290
14.95545200 -8.93524210
15.02221700 -8.94167660
15.08898300 -9.03330880
15.15574800 -9.26656510
15.22251400 -9.72430280
15.28927900 -10.44787300
15.35604400 -11.42918200
15.42281000 -12.55962500
15.48957500 -13.70843700
15.55634100 -14.76764800
15.62310600 -15.68905200
15.68987200 -16.44696700
15.75663700 -17.04038300
15.82340200 -17.44201000
15.89016800 -17.65106400
15.95693300 -17.65470700
16.02369900 -17.45935000
16.09046400 -17.05273100
16.15722900 -16.43551700
16.22399500 -15.62875300
16.29076000 -14.70350100
16.35752600 -13.73474200
16.42429100 -12.86097100
16.49105600 -12.15741800
16.55782200 -11.64570100
16.62458700 -11.26559900
16.69135300 -10.97684200
16.75811800 -10.71705700
16.82488300 -10.50430200
16.89164900 -10.37980800
16.95841400 -10.38329100
17.02518000 -10.48319800
17.09194500 -10.68949900
17.15871100 -10.89241200
17.22547600 -10.95588900
17.29224100 -10.90392300
17.35900700 -10.76723200
17.42577200 -10.53858900
17.49253800 -10.23280700
17.55930300 -9.92787020
17.62606800 -9.72706250
17.69283400 -9.65891550
17.75959900 -9.70797900
17.82636500 -9.81669570
17.89313000 -9.97472980
17.95989500 -10.22241300
18.02666100 -10.62378900
18.09342600 -11.23904500
18.16019200 -12.09231100
18.22695700 -13.11919300
18.29372300 -14.19841500
18.36048800 -15.20834900
18.42725300 -16.08157100
18.49401900 -16.76113500
18.56078400 -17.25198800
18.62755000 -17.54563100
18.69431500 -17.64441000
18.76108000 -17.53815600
18.82784600 -17.23717200
18.89461100 -16.73932600
18.96137700 -16.05233500
19.02814200 -15.17270600
19.09490700 -14.15882500
19.16167300 -13.07939300
19.22843800 -12.05775000
19.29520400 -11.21361500
19.36196900 -10.60816300
19.42873500 -10.21411300
19.49550000 -9.97106080
19.56226500 -9.81502630
19.62903100 -9.70772430
19.69579600 -9.66151420
19.76256200 -9.73475610
19.82932700 -9.93996870
19.89609200 -10.24709600
19.96285800 -10.55045100
20.02962300 -10.77426900
20.09638900 -10.90741800
20.16315400 -10.95460200
20.22991900 -10.88530000
20.29668500 -10.67786500
20.36345000 -10.47478500
20.43021600 -10.37827300
20.49698100 -10.37984600
20.56374600 -10.50835500
20.63051200 -10.72409100
20.69727700 -10.98398700
20.76404300 -11.27545200
20.83080800 -11.65966000
20.89757400 -12.17890000
20.96433900 -12.88973400
21.03110400 -13.76977800
21.09787000 -14.73892700
21.16463500 -15.66091400
21.23140100 -16.46122100
21.29816600 -17.07076500
21.36493100 -17.46901100
21.43169700 -17.65736600
21.49846200 -17.64590400
21.56522800 -17.42989700
21.63199300 -17.02071400
21.69875800 -16.42110700
21.76552400 -15.65689800
21.83228900 -14.73044100
21.89905500 -13.66655300
21.96582000 -12.51734400
22.03258600 -11.39046600
22.09935100 -10.41971100
22.16611600 -9.70726870
22.23288200 -9.26073370
22.29964700 -9.03374210
22.36641300 -8.94719580
22.43317800 -8.94106440
22.49994300 -8.96167230
22.56670900 -9.04861280
22.63347400 -9.28966940
22.70024000 -9.61940650
22.76700500 -9.96540560
22.83377000 -10.33917900
22.90053600 -10.69371500
22.96730100 -10.96640900
23.03406700 -11.02436100
23.10083200 -11.01918900
23.16759800 -11.03697900
23.23436300 -11.08411100
23.30112800 -11.22953800
23.36789400 -11.49203100
23.43465900 -11.85392200
23.50142500 -12.25029800
23.56819000 -12.62298100
23.63495500 -12.98361300
23.70172100 -13.35709800
23.76848600 -13.82276300
23.83525200 -14.43255800
23.90201700 -15.17778900
23.96878200 -15.96388700
24.03554800 -16.66503100
24.10231300 -17.19264200
24.16907900 -17.51620600
24.23584400 -17.62476100
24.30260900 -17.53876300
24.36937500 -17.25817400
24.43614000 -16.80191600
24.50290600 -16.17313100
24.56967100 -15.39361200
24.63643700 -14.47727200
24.70320200 -13.46284800
24.76996700 -12.37543900
24.83673300 -11.26274500
24.90349800 -10.24085000
24.97026400 -9.46310400
25.03702900 -8.97824990
25.10379400 -8.76455240
25.17056000 -8.70393900
25.23732500 -8.71132380
25.30409100 -8.73989800
25.37085600 -8.83822420
25.43762100 -8.98447370
25.50438700 -9.16485560
25.57115200 -9.46401970
25.63791800 -9.85140590
25.70468300 -10.28455200
25.77144900 -10.69190300
25.83821400 -10.92348200
25.90497900 -11.11501300
25.97174500 -11.31034900
26.03851000 -11.50035500
26.10527600 -11.76550900
26.17204100 -12.13297500
26.23880600 -12.60311500
26.30557200 -13.11167500
26.37233700 -13.57281900
26.43910300 -13.96312900
26.50586800 -14.29067600
26.57263300 -14.56869000
26.63939900 -14.86090400
26.70616400 -15.25257300
26.77293000 -15.76642500
26.83969500 -16.34450000
26.90646100 -16.85341500
26.97322600 -17.20702900
27.03999100 -17.38544400
27.10675700 -17.37626100
27.17352200 -17.17686700
27.24028800 -16.79990900
27.30705300 -16.26373900
27.37381800 -15.59178800
27.44058400 -14.79994500
27.50734900 -13.91148000
27.57411500 -12.95181300
27.64088000 -11.95408700
27.70764500 -10.99983500
27.77441100 -10.19192400
27.84117600 -9.57457580
27.90794200 -9.16532690
27.97470700 -8.93387930
28.04147200 -8.81722410
28.10823800 -8.78663190
28.17500300 -8.83976510
28.24176900 -8.83338730
28.30853400 -8.80248760
28.37530000 -8.80798930
28.44206500 -8.85028390
28.50883000 -8.91712970
28.57559600 -9.01647480
28.64236100 -9.15483500
28.70912700 -9.45401120
28.77589200 -9.94292680
28.84265700 -10.59928700
28.90942300 -11.38925400
28.97618800 -12.30188900
29.04295400 -13.28530900
29.10971900 -14.28948800
29.17648400 -15.22335000
29.24325000 -16.08395900
29.31001500 -16.84771600
29.37678100 -17.49797100
29.44354600 -18.01226800
29.51031200 -18.39554700
29.57707700 -18.63739200
29.64384200 -18.76238400
29.71060800 -18.75305600
29.77737300 -18.63255900
29.84413900 -18.39362900
29.91090400 -18.06633000
29.97766900 -17.62402100
30.04443500 -17.05551900
30.11120000 -16.31645000
30.17796600 -15.46612600
30.24473100 -14.49858800
30.31149600 -13.45364900
30.37826200 -12.31339900
30.44502700 -11.12705400
30.51179300 -9.88766820
30.57855800 -8.67274770
30.64532400 -7.48868600
30.71208900 -6.41605070
30.77885400 -5.43126110
30.84562000 -4.58729450
30.91238500 -3.83120280
30.97915100 -3.20184070
31.04591600 -2.61429900
31.11268100 -2.11635330
31.17944700 -1.64701430
31.24621200 -1.24427640
31.31297800 -0.86305305
31.37974300 -0.52437099
31.44650800 -0.21036289
31.51327400 0.07660858
31.58003900 0.33988544
31.64680500 0.57980295
31.71357000 0.80738514
31.78033500 1.00350800
31.84710100 1.20948660
31.91386600 1.36694020
31.98063200 1.55459150
32.04739700 1.67853260
32.11416300 1.84635180
32.18092800 1.94474910
32.24769300 2.09363550
32.31445900 2.17219530
32.38122400 2.30132570
32.44799000 2.36207400
32.51475500 2.47007340
32.58152000 2.52463270
32.64828600 2.60630490
32.71505100 2.67814130
32.78181700 2.72268390
32.84858200 2.81631470
32.91534700 2.83176880
32.98211300 2.92104330
33.04887800 2.93474980
33.11564400 3.00368650
33.18240900 3.03424500
33.24917500 3.08875420
33.31594000 3.12633660
33.38270500 3.16818790
33.44947100 3.19726910
33.51623600 3.22031210
33.58300200 3.26511890
33.64976700 3.27868310
33.71653200 3.32628070
33.78329800 3.37824980
33.85006300 3.38528100
33.91682900 3.46066520
33.98359400 3.45378940
34.05035900 3.50728800
34.11712500 3.53136740
34.18389000 3.55233250
34.25065600 3.59812300
34.31742100 3.62032020
34.38418700 3.65931350
34.45095200 3.70314590
34.51771700 3.72709970
34.58448300 3.78064000
34.65124800 3.77626580
34.71801400 3.84591410
34.78477900 3.83260530
34.85154400 3.90378320
34.91831000 3.87735940
34.98507500 3.96198720
35.05184100 3.94182030
35.11860600 3.98669140
35.18537100 4.01452100
35.25213700 4.03385620
35.31890200 4.05875980
35.38566800 4.08152410
35.45243300 4.09867150
35.51919900 4.12222720
35.58596400 4.14035330
35.65272900 4.16213300
35.71949500 4.17664060
35.78626000 4.20357390
35.85302600 4.21319000
35.91979100 4.23987880
35.98655600 4.24680270
36.05332200 4.27172100
36.12008700 4.27973360
36.18685300 4.30137410
36.25361800 4.30825290
36.32038300 4.32937400
36.38714900 4.33473180
36.45391400 4.35367300
36.52068000 4.35767890
36.58744500 4.37671840
36.65421000 4.37788890
36.72097600 4.39640010
36.78774100 4.39642440
36.85450700 4.41310910
36.92127200 4.41146460
36.98803800 4.42619030
37.05480300 4.42277960
37.12156800 4.43587620
37.18833400 4.43080380
37.25509900 4.44238500
37.32186500 4.43543450

